1.0 0.24714285714285714 0.30434782608695654 0.3944099378881988 0.3380281690140845 0.20186335403726707 0.2811320754716981 0.37577639751552794 0.38509316770186336 0.19408866995073892 0.29653679653679654 0.20620842572062084 0.33651551312649164 0.2857142857142857 0.2374631268436578 0.35403726708074534 0.32142857142857145 0.2282453637660485 0.2919254658385093 0.2236024844720497 0.2950310559006211 0.37267080745341613 0.30434782608695654 0.32919254658385094 0.2732049036777583 0.3385093167701863 0.19616204690831557 0.29423076923076924
0.24714285714285714 1.0 0.21714285714285714 0.24571428571428572 0.27 0.13 0.32571428571428573 0.22857142857142856 0.23857142857142857 0.30147783251231525 0.29714285714285715 0.3148558758314856 0.27714285714285714 0.2057142857142857 0.35714285714285715 0.2257142857142857 0.2885714285714286 0.37375178316690444 0.21 0.14857142857142858 0.21714285714285714 0.22428571428571428 0.2057142857142857 0.21857142857142858 0.3414285714285714 0.22714285714285715 0.31023454157782515 0.31
0.30434782608695654 0.21714285714285714 1.0 0.3248407643312102 0.29577464788732394 0.21621621621621623 0.2528301886792453 0.3177257525083612 0.3269230769230769 0.1684729064039409 0.2554112554112554 0.18181818181818182 0.2720763723150358 0.416988416988417 0.21091445427728614 0.42105263157894735 0.2833333333333333 0.21398002853067047 0.37065637065637064 0.2548262548262548 0.3667953667953668 0.31438127090301005 0.3552123552123552 0.3938356164383562 0.23467600700525393 0.3462897526501767 0.17057569296375266 0.25
0.3944099378881988 0.24571428571428572 0.3248407643312102 1.0 0.323943661971831 0.1942675159235669 0.2943396226415094 0.46178343949044587 0.5063694267515924 0.1852216748768473 0.2748917748917749 0.20620842572062084 0.3412887828162291 0.29936305732484075 0.2374631268436578 0.3343949044585987 0.32142857142857145 0.2282453637660485 0.3089171974522293 0.21337579617834396 0.30254777070063693 0.46496815286624205 0.30254777070063693 0.34076433121019106 0.2679509632224168 0.34076433121019106 0.18550106609808104 0.2865384615384615
0.3380281690140845 0.27 0.29577464788732394 0.323943661971831 1.0 0.2 0.2962264150943396 0.3183098591549296 0.3267605633802817 0.20985221674876847 0.31385281385281383 0.22172949002217296 0.31742243436754175 0.29859154929577464 0.2669616519174041 0.3380281690140845 0.3333333333333333 0.2524964336661912 0.29295774647887324 0.23098591549295774 0.28732394366197184 0.3154929577464789 0.28732394366197184 0.3211267605633803 0.29071803852889666 0.3183098591549296 0.21748400852878466 0.2923076923076923
0.20186335403726707 0.13 0.21621621621621623 0.1942675159235669 0.2 1.0 0.1490566037735849 0.20066889632107024 0.1955128205128205 0.10246305418719212 0.15367965367965367 0.10864745011086474 0.1766109785202864 0.21518987341772153 0.13421828908554573 0.20065789473684212 0.17857142857142858 0.12553495007132667 0.24806201550387597 0.304635761589404 0.2364341085271318 0.20735785953177258 0.21686746987951808 0.21575342465753425 0.14185639229422067 0.22614840989399293 0.10021321961620469 0.14615384615384616
0.2811320754716981 0.32571428571428573 0.2528301886792453 0.2943396226415094 0.2962264150943396 0.1490566037735849 1.0 0.2811320754716981 0.2811320754716981 0.2512315270935961 0.3433962264150943 0.2727272727272727 0.3320754716981132 0.2358490566037736 0.3215339233038348 0.27169811320754716 0.33584905660377357 0.30813124108416545 0.24528301886792453 0.18490566037735848 0.24716981132075472 0.2811320754716981 0.24528301886792453 0.25849056603773585 0.3502626970227671 0.2679245283018868 0.2622601279317697 0.37358490566037733
0.37577639751552794 0.22857142857142856 0.3177257525083612 0.46178343949044587 0.3183098591549296 0.20066889632107024 0.2811320754716981 1.0 0.4935897435897436 0.17832512315270935 0.2748917748917749 0.19290465631929046 0.3317422434367542 0.3076923076923077 0.23303834808259588 0.35855263157894735 0.31666666666666665 0.21825962910128388 0.3110367892976589 0.22408026755852842 0.3210702341137124 0.6822742474916388 0.3210702341137124 0.34448160535117056 0.26444833625218916 0.34448160535117056 0.17803837953091683 0.27115384615384613
0.38509316770186336 0.23857142857142857 0.3269230769230769 0.5063694267515924 0.3267605633802817 0.1955128205128205 0.2811320754716981 0.4935897435897436 1.0 0.18423645320197043 0.27056277056277056 0.1984478935698448 0.3317422434367542 0.3141025641025641 0.2374631268436578 0.3269230769230769 0.3142857142857143 0.2225392296718973 0.3141025641025641 0.21153846153846154 0.32371794871794873 0.4775641025641026 0.3076923076923077 0.34615384615384615 0.2609457092819615 0.32371794871794873 0.18550106609808104 0.275
0.19408866995073892 0.30147783251231525 0.1684729064039409 0.1852216748768473 0.20985221674876847 0.10246305418719212 0.2512315270935961 0.17832512315270935 0.18423645320197043 1.0 0.23448275862068965 0.3399014778325123 0.21674876847290642 0.16551724137931034 0.2995073891625616 0.18620689655172415 0.23251231527093597 0.2975369458128079 0.17832512315270935 0.11822660098522167 0.17635467980295566 0.17635467980295566 0.16748768472906403 0.18029556650246306 0.2729064039408867 0.1832512315270936 0.34679802955665023 0.2600985221674877
0.29653679653679654 0.29714285714285715 0.2554112554112554 0.2748917748917749 0.31385281385281383 0.15367965367965367 0.3433962264150943 0.2748917748917749 0.27056277056277056 0.23448275862068965 1.0 0.23835920177383593 0.3354978354978355 0.24242424242424243 0.28761061946902655 0.2857142857142857 0.329004329004329 0.28530670470756064 0.2510822510822511 0.19047619047619047 0.24675324675324675 0.2662337662337662 0.2510822510822511 0.2662337662337662 0.3450087565674256 0.2683982683982684 0.23347547974413646 0.34423076923076923
0.20620842572062084 0.3148558758314856 0.18181818181818182 0.20620842572062084 0.22172949002217296 0.10864745011086474 0.2727272727272727 0.19290465631929046 0.1984478935698448 0.3399014778325123 0.23835920177383593 1.0 0.23835920177383593 0.1729490022172949 0.3093126385809313 0.19955654101995565 0.24057649667405764 0.3082039911308204 0.17960088691796008 0.12527716186252771 0.18292682926829268 0.19623059866962306 0.17184035476718404 0.1951219512195122 0.28159645232815966 0.1917960088691796 0.3400852878464819 0.2682926829268293
0.33651551312649164 0.27714285714285714 0.2720763723150358 0.3412887828162291 0.31742243436754175 0.1766109785202864 0.3320754716981132 0.3317422434367542 0.3317422434367542 0.21674876847290642 0.3354978354978355 0.23835920177383593 1.0 0.2529832935560859 0.2743362831858407 0.2935560859188544 0.36666666666666664 0.268188302425107 0.2649164677804296 0.18854415274463007 0.27684964200477324 0.3198090692124105 0.2649164677804296 0.2863961813842482 0.30297723292469353 0.2911694510739857 0.22068230277185502 0.325
0.2857142857142857 0.2057142857142857 0.416988416988417 0.29936305732484075 0.29859154929577464 0.21518987341772153 0.2358490566037736 0.3076923076923077 0.3141025641025641 0.16551724137931034 0.24242424242424243 0.1729490022172949 0.2529832935560859 1.0 0.20648967551622419 0.3782894736842105 0.28095238095238095 0.19686162624821682 0.3449612403100775 0.2742616033755274 0.3798449612403101 0.30434782608695654 0.3614457831325301 0.6027397260273972 0.2224168126094571 0.3250883392226148 0.16098081023454158 0.24807692307692308
0.2374631268436578 0.35714285714285715 0.21091445427728614 0.2374631268436578 0.2669616519174041 0.13421828908554573 0.3215339233038348 0.23303834808259588 0.2374631268436578 0.2995073891625616 0.28761061946902655 0.3093126385809313 0.2743362831858407 0.20648967551622419 1.0 0.2359882005899705 0.28761061946902655 0.39372325249643364 0.2153392330383481 0.15191740412979352 0.21976401179941002 0.22861356932153393 0.2153392330383481 0.22271386430678466 0.3303834808259587 0.22713864306784662 0.3049040511727079 0.31710914454277284
0.35403726708074534 0.2257142857142857 0.42105263157894735 0.3343949044585987 0.3380281690140845 0.20065789473684212 0.27169811320754716 0.35855263157894735 0.3269230769230769 0.18620689655172415 0.2857142857142857 0.19955654101995565 0.2935560859188544 0.3782894736842105 0.2359882005899705 1.0 0.31666666666666665 0.23395149786019973 0.3157894736842105 0.24342105263157895 0.3355263157894737 0.33881578947368424 0.3190789473684211 0.40131578947368424 0.2609457092819615 0.34539473684210525 0.1929637526652452 0.2692307692307692
0.32142857142857145 0.2885714285714286 0.2833333333333333 0.32142857142857145 0.3333333333333333 0.17857142857142858 0.33584905660377357 0.31666666666666665 0.3142857142857143 0.23251231527093597 0.329004329004329 0.24057649667405764 0.36666666666666664 0.28095238095238095 0.28761061946902655 0.31666666666666665 1.0 0.2781740370898716 0.28095238095238095 0.20952380952380953 0.3 0.30714285714285716 0.2833333333333333 0.30952380952380953 0.3117338003502627 0.29523809523809524 0.2302771855010661 0.3346153846153846
0.2282453637660485 0.37375178316690444 0.21398002853067047 0.2282453637660485 0.2524964336661912 0.12553495007132667 0.30813124108416545 0.21825962910128388 0.2225392296718973 0.2975369458128079 0.28530670470756064 0.3082039911308204 0.268188302425107 0.19686162624821682 0.39372325249643364 0.23395149786019973 0.2781740370898716 1.0 0.20684736091298145 0.15263908701854492 0.21398002853067047 0.2239657631954351 0.20827389443651925 0.21683309557774608 0.3309557774607703 0.21683309557774608 0.2974413646055437 0.3067047075606277
0.2919254658385093 0.21 0.37065637065637064 0.3089171974522293 0.29295774647887324 0.24806201550387597 0.24528301886792453 0.3110367892976589 0.3141025641025641 0.17832512315270935 0.2510822510822511 0.17960088691796008 0.2649164677804296 0.3449612403100775 0.2153392330383481 0.3157894736842105 0.28095238095238095 0.20684736091298145 1.0 0.27906976744186046 0.7558139534883721 0.3210702341137124 0.6550387596899225 0.3321917808219178 0.23467600700525393 0.3286219081272085 0.17270788912579957 0.2403846153846154
0.2236024844720497 0.14857142857142858 0.2548262548262548 0.21337579617834396 0.23098591549295774 0.304635761589404 0.18490566037735848 0.22408026755852842 0.21153846153846154 0.11822660098522167 0.19047619047619047 0.12527716186252771 0.18854415274463007 0.2742616033755274 0.15191740412979352 0.24342105263157895 0.20952380952380953 0.15263908701854492 0.27906976744186046 1.0 0.2751937984496124 0.22742474916387959 0.27710843373493976 0.2465753424657534 0.17162872154115585 0.24381625441696114 0.1140724946695096 0.17307692307692307
0.2950310559006211 0.21714285714285714 0.3667953667953668 0.30254777070063693 0.28732394366197184 0.2364341085271318 0.24716981132075472 0.3210702341137124 0.32371794871794873 0.17635467980295566 0.24675324675324675 0.18292682926829268 0.27684964200477324 0.3798449612403101 0.21976401179941002 0.3355263157894737 0.3 0.21398002853067047 0.7558139534883721 0.2751937984496124 1.0 0.3377926421404682 0.6976744186046512 0.3527397260273973 0.2434325744308231 0.35335689045936397 0.17164179104477612 0.2423076923076923
0.37267080745341613 0.22428571428571428 0.31438127090301005 0.46496815286624205 0.3154929577464789 0.20735785953177258 0.2811320754716981 0.6822742474916388 0.4775641025641026 0.17635467980295566 0.2662337662337662 0.19623059866962306 0.3198090692124105 0.30434782608695654 0.22861356932153393 0.33881578947368424 0.30714285714285716 0.2239657631954351 0.3210702341137124 0.22742474916387959 0.3377926421404682 1.0 0.32441471571906355 0.34782608695652173 0.2609457092819615 0.34782608695652173 0.17803837953091683 0.27115384615384613
0.30434782608695654 0.2057142857142857 0.3552123552123552 0.30254777070063693 0.28732394366197184 0.21686746987951808 0.24528301886792453 0.3210702341137124 0.3076923076923077 0.16748768472906403 0.2510822510822511 0.17184035476718404 0.2649164677804296 0.3614457831325301 0.2153392330383481 0.3190789473684211 0.2833333333333333 0.20827389443651925 0.6550387596899225 0.27710843373493976 0.6976744186046512 0.32441471571906355 1.0 0.3287671232876712 0.2381786339754816 0.3321554770318021 0.1631130063965885 0.2403846153846154
0.32919254658385094 0.21857142857142858 0.3938356164383562 0.34076433121019106 0.3211267605633803 0.21575342465753425 0.25849056603773585 0.34448160535117056 0.34615384615384615 0.18029556650246306 0.2662337662337662 0.1951219512195122 0.2863961813842482 0.6027397260273972 0.22271386430678466 0.40131578947368424 0.30952380952380953 0.21683309557774608 0.3321917808219178 0.2465753424657534 0.3527397260273973 0.34782608695652173 0.3287671232876712 1.0 0.2486865148861646 0.3664383561643836 0.17803837953091683 0.26346153846153847
0.2732049036777583 0.3414285714285714 0.23467600700525393 0.2679509632224168 0.29071803852889666 0.14185639229422067 0.3502626970227671 0.26444833625218916 0.2609457092819615 0.2729064039408867 0.3450087565674256 0.28159645232815966 0.30297723292469353 0.2224168126094571 0.3303834808259587 0.2609457092819615 0.3117338003502627 0.3309557774607703 0.23467600700525393 0.17162872154115585 0.2434325744308231 0.2609457092819615 0.2381786339754816 0.2486865148861646 1.0 0.2486865148861646 0.27505330490405117 0.36252189141856395
0.3385093167701863 0.22714285714285715 0.3462897526501767 0.34076433121019106 0.3183098591549296 0.22614840989399293 0.2679245283018868 0.34448160535117056 0.32371794871794873 0.1832512315270936 0.2683982683982684 0.1917960088691796 0.2911694510739857 0.3250883392226148 0.22713864306784662 0.34539473684210525 0.29523809523809524 0.21683309557774608 0.3286219081272085 0.24381625441696114 0.35335689045936397 0.34782608695652173 0.3321554770318021 0.3664383561643836 0.2486865148861646 1.0 0.18230277185501065 0.26346153846153847
0.19616204690831557 0.31023454157782515 0.17057569296375266 0.18550106609808104 0.21748400852878466 0.10021321961620469 0.2622601279317697 0.17803837953091683 0.18550106609808104 0.34679802955665023 0.23347547974413646 0.3400852878464819 0.22068230277185502 0.16098081023454158 0.3049040511727079 0.1929637526652452 0.2302771855010661 0.2974413646055437 0.17270788912579957 0.1140724946695096 0.17164179104477612 0.17803837953091683 0.1631130063965885 0.17803837953091683 0.27505330490405117 0.18230277185501065 1.0 0.26865671641791045
0.29423076923076924 0.31 0.25 0.2865384615384615 0.2923076923076923 0.14615384615384616 0.37358490566037733 0.27115384615384613 0.275 0.2600985221674877 0.34423076923076923 0.2682926829268293 0.325 0.24807692307692308 0.31710914454277284 0.2692307692307692 0.3346153846153846 0.3067047075606277 0.2403846153846154 0.17307692307692307 0.2423076923076923 0.27115384615384613 0.2403846153846154 0.26346153846153847 0.36252189141856395 0.26346153846153847 0.26865671641791045 1.0
